190 190
191 190
192 190
193 190
194 190
195 190
196 190
197 190
198 190
199 190
200 190
201 190
202 190
203 190
204 190
205 190
206 190
207 190
208 190
209 190
210 190
211 190
212 190
213 190
214 190
215 190
216 190
217 190
218 190
219 190
220 190
221 190
222 190
223 190
224 190
225 190
226 190
227 190
228 190
229 190
230 190
231 190
232 190
233 190
234 190
235 190
236 190
237 190
238 190
239 190
240 190
241 190
242 190
243 190
244 190
245 190
246 190
247 190
248 190
249 190
250 190
251 190
252 190
253 190
254 190
255 190
256 190
257 190
258 190
259 190
260 190
261 190
262 190
263 190
264 190
265 190
266 190
267 190
268 190
269 190
270 190
271 190
272 190
273 190
190 191
191 191
192 191
193 191
194 191
195 191
196 191
197 191
198 191
199 191
200 191
201 191
202 191
203 191
204 191
205 191
206 191
207 191
208 191
209 191
210 191
211 191
212 191
213 191
214 191
215 191
216 191
217 191
218 191
219 191
220 191
221 191
222 191
223 191
224 191
225 191
226 191
227 191
228 191
229 191
230 191
231 191
232 191
233 191
234 191
235 191
236 191
237 191
238 191
239 191
240 191
241 191
242 191
243 191
244 191
245 191
246 191
247 191
248 191
249 191
250 191
251 191
252 191
253 191
254 191
255 191
256 191
257 191
258 191
259 191
260 191
261 191
262 191
263 191
264 191
265 191
266 191
267 191
268 191
269 191
270 191
271 191
272 191
190 192
191 192
192 192
193 192
194 192
195 192
196 192
197 192
198 192
199 192
200 192
201 192
202 192
203 192
204 192
205 192
206 192
207 192
208 192
209 192
210 192
211 192
212 192
213 192
214 192
215 192
216 192
217 192
218 192
219 192
220 192
221 192
222 192
223 192
224 192
225 192
226 192
227 192
228 192
229 192
230 192
231 192
232 192
233 192
234 192
235 192
236 192
237 192
238 192
239 192
240 192
241 192
242 192
243 192
244 192
245 192
246 192
247 192
248 192
249 192
250 192
251 192
252 192
253 192
254 192
255 192
256 192
257 192
258 192
259 192
260 192
261 192
262 192
263 192
264 192
265 192
266 192
267 192
268 192
269 192
270 192
271 192
272 192
190 193
191 193
192 193
193 193
194 193
195 193
196 193
197 193
198 193
199 193
200 193
201 193
202 193
203 193
204 193
205 193
206 193
207 193
208 193
209 193
210 193
211 193
212 193
213 193
214 193
215 193
216 193
217 193
218 193
219 193
220 193
221 193
222 193
223 193
224 193
225 193
226 193
227 193
228 193
229 193
230 193
231 193
232 193
233 193
234 193
235 193
236 193
237 193
238 193
239 193
240 193
241 193
242 193
243 193
244 193
245 193
246 193
247 193
248 193
249 193
250 193
251 193
252 193
253 193
254 193
255 193
256 193
257 193
258 193
259 193
260 193
261 193
262 193
263 193
264 193
265 193
266 193
267 193
268 193
269 193
270 193
271 193
190 194
191 194
192 194
193 194
194 194
195 194
196 194
197 194
198 194
199 194
200 194
201 194
202 194
203 194
204 194
205 194
206 194
207 194
208 194
209 194
210 194
211 194
212 194
213 194
214 194
215 194
216 194
217 194
218 194
219 194
220 194
221 194
222 194
223 194
224 194
225 194
226 194
227 194
228 194
229 194
230 194
231 194
232 194
233 194
234 194
235 194
236 194
237 194
238 194
239 194
240 194
241 194
242 194
243 194
244 194
245 194
246 194
247 194
248 194
249 194
250 194
251 194
252 194
253 194
254 194
255 194
256 194
257 194
258 194
259 194
260 194
261 194
262 194
263 194
264 194
265 194
266 194
267 194
268 194
269 194
270 194
190 195
191 195
192 195
193 195
194 195
195 195
196 195
197 195
198 195
199 195
200 195
201 195
202 195
203 195
204 195
205 195
206 195
207 195
208 195
209 195
210 195
211 195
212 195
213 195
214 195
215 195
216 195
217 195
218 195
219 195
220 195
221 195
222 195
223 195
224 195
225 195
226 195
227 195
228 195
229 195
230 195
231 195
232 195
233 195
234 195
235 195
236 195
237 195
238 195
239 195
240 195
241 195
242 195
243 195
244 195
245 195
246 195
247 195
248 195
249 195
250 195
251 195
252 195
253 195
254 195
255 195
256 195
257 195
258 195
259 195
260 195
261 195
262 195
263 195
264 195
265 195
266 195
267 195
268 195
269 195
270 195
190 196
191 196
192 196
193 196
194 196
195 196
196 196
197 196
198 196
199 196
200 196
201 196
202 196
203 196
204 196
205 196
206 196
207 196
208 196
209 196
210 196
211 196
212 196
213 196
214 196
215 196
216 196
217 196
218 196
219 196
220 196
221 196
222 196
223 196
224 196
225 196
226 196
227 196
228 196
229 196
230 196
231 196
232 196
233 196
234 196
235 196
236 196
237 196
238 196
239 196
240 196
241 196
242 196
243 196
244 196
245 196
246 196
247 196
248 196
249 196
250 196
251 196
252 196
253 196
254 196
255 196
256 196
257 196
258 196
259 196
260 196
261 196
262 196
263 196
264 196
265 196
266 196
267 196
268 196
269 196
190 197
191 197
192 197
193 197
194 197
195 197
196 197
197 197
198 197
199 197
200 197
201 197
202 197
203 197
204 197
205 197
206 197
207 197
208 197
209 197
210 197
211 197
212 197
213 197
214 197
215 197
216 197
217 197
218 197
219 197
220 197
221 197
222 197
223 197
224 197
225 197
226 197
227 197
228 197
229 197
230 197
231 197
232 197
233 197
234 197
235 197
236 197
237 197
238 197
239 197
240 197
241 197
242 197
243 197
244 197
245 197
246 197
247 197
248 197
249 197
250 197
251 197
252 197
253 197
254 197
255 197
256 197
257 197
258 197
259 197
260 197
261 197
262 197
263 197
264 197
265 197
266 197
267 197
268 197
190 198
191 198
192 198
193 198
194 198
195 198
196 198
197 198
198 198
199 198
200 198
201 198
202 198
203 198
204 198
205 198
206 198
207 198
208 198
209 198
210 198
211 198
212 198
213 198
214 198
215 198
216 198
217 198
218 198
219 198
220 198
221 198
222 198
223 198
224 198
225 198
226 198
227 198
228 198
229 198
230 198
231 198
232 198
233 198
234 198
235 198
236 198
237 198
238 198
239 198
240 198
241 198
242 198
243 198
244 198
245 198
246 198
247 198
248 198
249 198
250 198
251 198
252 198
253 198
254 198
255 198
256 198
257 198
258 198
259 198
260 198
261 198
262 198
263 198
264 198
265 198
266 198
267 198
268 198
190 199
191 199
192 199
193 199
194 199
195 199
196 199
197 199
198 199
199 199
200 199
201 199
202 199
203 199
204 199
205 199
206 199
207 199
208 199
209 199
210 199
211 199
212 199
213 199
214 199
215 199
216 199
217 199
218 199
219 199
220 199
221 199
222 199
223 199
224 199
225 199
226 199
227 199
228 199
229 199
230 199
231 199
232 199
233 199
234 199
235 199
236 199
237 199
238 199
239 199
240 199
241 199
242 199
243 199
244 199
245 199
246 199
247 199
248 199
249 199
250 199
251 199
252 199
253 199
254 199
255 199
256 199
257 199
258 199
259 199
260 199
261 199
262 199
263 199
264 199
265 199
266 199
267 199
190 200
191 200
192 200
193 200
194 200
195 200
196 200
197 200
198 200
199 200
200 200
201 200
202 200
203 200
204 200
205 200
206 200
207 200
208 200
209 200
210 200
211 200
212 200
213 200
214 200
215 200
216 200
217 200
218 200
219 200
220 200
221 200
222 200
223 200
224 200
225 200
226 200
227 200
228 200
229 200
230 200
231 200
232 200
233 200
234 200
235 200
236 200
237 200
238 200
239 200
240 200
241 200
242 200
243 200
244 200
245 200
246 200
247 200
248 200
249 200
250 200
251 200
252 200
253 200
254 200
255 200
256 200
257 200
258 200
259 200
260 200
261 200
262 200
263 200
264 200
265 200
266 200
190 201
191 201
192 201
193 201
194 201
195 201
196 201
197 201
198 201
199 201
200 201
201 201
202 201
203 201
204 201
205 201
206 201
207 201
208 201
209 201
210 201
211 201
212 201
213 201
214 201
215 201
216 201
217 201
218 201
219 201
220 201
221 201
222 201
223 201
224 201
225 201
226 201
227 201
228 201
229 201
230 201
231 201
232 201
233 201
234 201
235 201
236 201
237 201
238 201
239 201
240 201
241 201
242 201
243 201
244 201
245 201
246 201
247 201
248 201
249 201
250 201
251 201
252 201
253 201
254 201
255 201
256 201
257 201
258 201
259 201
260 201
261 201
262 201
263 201
264 201
265 201
266 201
190 202
191 202
192 202
193 202
194 202
195 202
196 202
197 202
198 202
199 202
200 202
201 202
202 202
203 202
204 202
205 202
206 202
207 202
208 202
209 202
210 202
211 202
212 202
213 202
214 202
215 202
216 202
217 202
218 202
219 202
220 202
221 202
222 202
223 202
224 202
225 202
226 202
227 202
228 202
229 202
230 202
231 202
232 202
233 202
234 202
235 202
236 202
237 202
238 202
239 202
240 202
241 202
242 202
243 202
244 202
245 202
246 202
247 202
248 202
249 202
250 202
251 202
252 202
253 202
254 202
255 202
256 202
257 202
258 202
259 202
260 202
261 202
262 202
263 202
264 202
265 202
190 203
191 203
192 203
193 203
194 203
195 203
196 203
197 203
198 203
199 203
200 203
201 203
202 203
203 203
204 203
205 203
206 203
207 203
208 203
209 203
210 203
211 203
212 203
213 203
214 203
215 203
216 203
217 203
218 203
219 203
220 203
221 203
222 203
223 203
224 203
225 203
226 203
227 203
228 203
229 203
230 203
231 203
232 203
233 203
234 203
235 203
236 203
237 203
238 203
239 203
240 203
241 203
242 203
243 203
244 203
245 203
246 203
247 203
248 203
249 203
250 203
251 203
252 203
253 203
254 203
255 203
256 203
257 203
258 203
259 203
260 203
261 203
262 203
263 203
264 203
190 204
191 204
192 204
193 204
194 204
195 204
196 204
197 204
198 204
199 204
200 204
201 204
202 204
203 204
204 204
205 204
206 204
207 204
208 204
209 204
210 204
211 204
212 204
213 204
214 204
215 204
216 204
217 204
218 204
219 204
220 204
221 204
222 204
223 204
224 204
225 204
226 204
227 204
228 204
229 204
230 204
231 204
232 204
233 204
234 204
235 204
236 204
237 204
238 204
239 204
240 204
241 204
242 204
243 204
244 204
245 204
246 204
247 204
248 204
249 204
250 204
251 204
252 204
253 204
254 204
255 204
256 204
257 204
258 204
259 204
260 204
261 204
262 204
263 204
264 204
190 205
191 205
192 205
193 205
194 205
195 205
196 205
197 205
198 205
199 205
200 205
201 205
202 205
203 205
204 205
205 205
206 205
207 205
208 205
209 205
210 205
211 205
212 205
213 205
214 205
215 205
216 205
217 205
218 205
219 205
220 205
221 205
222 205
223 205
224 205
225 205
226 205
227 205
228 205
229 205
230 205
231 205
232 205
233 205
234 205
235 205
236 205
237 205
238 205
239 205
240 205
241 205
242 205
243 205
244 205
245 205
246 205
247 205
248 205
249 205
250 205
251 205
252 205
253 205
254 205
255 205
256 205
257 205
258 205
259 205
260 205
261 205
262 205
263 205
190 206
191 206
192 206
193 206
194 206
195 206
196 206
197 206
198 206
199 206
200 206
201 206
202 206
203 206
204 206
205 206
206 206
207 206
208 206
209 206
210 206
211 206
212 206
213 206
214 206
215 206
216 206
217 206
218 206
219 206
220 206
221 206
222 206
223 206
224 206
225 206
226 206
227 206
228 206
229 206
230 206
231 206
232 206
233 206
234 206
235 206
236 206
237 206
238 206
239 206
240 206
241 206
242 206
243 206
244 206
245 206
246 206
247 206
248 206
249 206
250 206
251 206
252 206
253 206
254 206
255 206
256 206
257 206
258 206
259 206
260 206
261 206
262 206
190 207
191 207
192 207
193 207
194 207
195 207
196 207
197 207
198 207
199 207
200 207
201 207
202 207
203 207
204 207
205 207
206 207
207 207
208 207
209 207
210 207
211 207
212 207
213 207
214 207
215 207
216 207
217 207
218 207
219 207
220 207
221 207
222 207
223 207
224 207
225 207
226 207
227 207
228 207
229 207
230 207
231 207
232 207
233 207
234 207
235 207
236 207
237 207
238 207
239 207
240 207
241 207
242 207
243 207
244 207
245 207
246 207
247 207
248 207
249 207
250 207
251 207
252 207
253 207
254 207
255 207
256 207
257 207
258 207
259 207
260 207
261 207
262 207
190 208
191 208
192 208
193 208
194 208
195 208
196 208
197 208
198 208
199 208
200 208
201 208
202 208
203 208
204 208
205 208
206 208
207 208
208 208
209 208
210 208
211 208
212 208
213 208
214 208
215 208
216 208
217 208
218 208
219 208
220 208
221 208
222 208
223 208
224 208
225 208
226 208
227 208
228 208
229 208
230 208
231 208
232 208
233 208
234 208
235 208
236 208
237 208
238 208
239 208
240 208
241 208
242 208
243 208
244 208
245 208
246 208
247 208
248 208
249 208
250 208
251 208
252 208
253 208
254 208
255 208
256 208
257 208
258 208
259 208
260 208
261 208
190 209
191 209
192 209
193 209
194 209
195 209
196 209
197 209
198 209
199 209
200 209
201 209
202 209
203 209
204 209
205 209
206 209
207 209
208 209
209 209
210 209
211 209
212 209
213 209
214 209
215 209
216 209
217 209
218 209
219 209
220 209
221 209
222 209
223 209
224 209
225 209
226 209
227 209
228 209
229 209
230 209
231 209
232 209
233 209
234 209
235 209
236 209
237 209
238 209
239 209
240 209
241 209
242 209
243 209
244 209
245 209
246 209
247 209
248 209
249 209
250 209
251 209
252 209
253 209
254 209
255 209
256 209
257 209
258 209
259 209
260 209
190 210
191 210
192 210
193 210
194 210
195 210
196 210
197 210
198 210
199 210
200 210
201 210
202 210
203 210
204 210
205 210
206 210
207 210
208 210
209 210
210 210
211 210
212 210
213 210
214 210
215 210
216 210
217 210
218 210
219 210
220 210
221 210
222 210
223 210
224 210
225 210
226 210
227 210
228 210
229 210
230 210
231 210
232 210
233 210
234 210
235 210
236 210
237 210
238 210
239 210
240 210
241 210
242 210
243 210
244 210
245 210
246 210
247 210
248 210
249 210
250 210
251 210
252 210
253 210
254 210
255 210
256 210
257 210
258 210
259 210
260 210
190 211
191 211
192 211
193 211
194 211
195 211
196 211
197 211
198 211
199 211
200 211
201 211
202 211
203 211
204 211
205 211
206 211
207 211
208 211
209 211
210 211
211 211
212 211
213 211
214 211
215 211
216 211
217 211
218 211
219 211
220 211
221 211
222 211
223 211
224 211
225 211
226 211
227 211
228 211
229 211
230 211
231 211
232 211
233 211
234 211
235 211
236 211
237 211
238 211
239 211
240 211
241 211
242 211
243 211
244 211
245 211
246 211
247 211
248 211
249 211
250 211
251 211
252 211
253 211
254 211
255 211
256 211
257 211
258 211
259 211
190 212
191 212
192 212
193 212
194 212
195 212
196 212
197 212
198 212
199 212
200 212
201 212
202 212
203 212
204 212
205 212
206 212
207 212
208 212
209 212
210 212
211 212
212 212
213 212
214 212
215 212
216 212
217 212
218 212
219 212
220 212
221 212
222 212
223 212
224 212
225 212
226 212
227 212
228 212
229 212
230 212
231 212
232 212
233 212
234 212
235 212
236 212
237 212
238 212
239 212
240 212
241 212
242 212
243 212
244 212
245 212
246 212
247 212
248 212
249 212
250 212
251 212
252 212
253 212
254 212
255 212
256 212
257 212
258 212
190 213
191 213
192 213
193 213
194 213
195 213
196 213
197 213
198 213
199 213
200 213
201 213
202 213
203 213
204 213
205 213
206 213
207 213
208 213
209 213
210 213
211 213
212 213
213 213
214 213
215 213
216 213
217 213
218 213
219 213
220 213
221 213
222 213
223 213
224 213
225 213
226 213
227 213
228 213
229 213
230 213
231 213
232 213
233 213
234 213
235 213
236 213
237 213
238 213
239 213
240 213
241 213
242 213
243 213
244 213
245 213
246 213
247 213
248 213
249 213
250 213
251 213
252 213
253 213
254 213
255 213
256 213
257 213
258 213
190 214
191 214
192 214
193 214
194 214
195 214
196 214
197 214
198 214
199 214
200 214
201 214
202 214
203 214
204 214
205 214
206 214
207 214
208 214
209 214
210 214
211 214
212 214
213 214
214 214
215 214
216 214
217 214
218 214
219 214
220 214
221 214
222 214
223 214
224 214
225 214
226 214
227 214
228 214
229 214
230 214
231 214
232 214
233 214
234 214
235 214
236 214
237 214
238 214
239 214
240 214
241 214
242 214
243 214
244 214
245 214
246 214
247 214
248 214
249 214
250 214
251 214
252 214
253 214
254 214
255 214
256 214
257 214
190 215
191 215
192 215
193 215
194 215
195 215
196 215
197 215
198 215
199 215
200 215
201 215
202 215
203 215
204 215
205 215
206 215
207 215
208 215
209 215
210 215
211 215
212 215
213 215
214 215
215 215
216 215
217 215
218 215
219 215
220 215
221 215
222 215
223 215
224 215
225 215
226 215
227 215
228 215
229 215
230 215
231 215
232 215
233 215
234 215
235 215
236 215
237 215
238 215
239 215
240 215
241 215
242 215
243 215
244 215
245 215
246 215
247 215
248 215
249 215
250 215
251 215
252 215
253 215
254 215
255 215
256 215
190 216
191 216
192 216
193 216
194 216
195 216
196 216
197 216
198 216
199 216
200 216
201 216
202 216
203 216
204 216
205 216
206 216
207 216
208 216
209 216
210 216
211 216
212 216
213 216
214 216
215 216
216 216
217 216
218 216
219 216
220 216
221 216
222 216
223 216
224 216
225 216
226 216
227 216
228 216
229 216
230 216
231 216
232 216
233 216
234 216
235 216
236 216
237 216
238 216
239 216
240 216
241 216
242 216
243 216
244 216
245 216
246 216
247 216
248 216
249 216
250 216
251 216
252 216
253 216
254 216
255 216
256 216
190 217
191 217
192 217
193 217
194 217
195 217
196 217
197 217
198 217
199 217
200 217
201 217
202 217
203 217
204 217
205 217
206 217
207 217
208 217
209 217
210 217
211 217
212 217
213 217
214 217
215 217
216 217
217 217
218 217
219 217
220 217
221 217
222 217
223 217
224 217
225 217
226 217
227 217
228 217
229 217
230 217
231 217
232 217
233 217
234 217
235 217
236 217
237 217
238 217
239 217
240 217
241 217
242 217
243 217
244 217
245 217
246 217
247 217
248 217
249 217
250 217
251 217
252 217
253 217
254 217
255 217
190 218
191 218
192 218
193 218
194 218
195 218
196 218
197 218
198 218
199 218
200 218
201 218
202 218
203 218
204 218
205 218
206 218
207 218
208 218
209 218
210 218
211 218
212 218
213 218
214 218
215 218
216 218
217 218
218 218
219 218
220 218
221 218
222 218
223 218
224 218
225 218
226 218
227 218
228 218
229 218
230 218
231 218
232 218
233 218
234 218
235 218
236 218
237 218
238 218
239 218
240 218
241 218
242 218
243 218
244 218
245 218
246 218
247 218
248 218
249 218
250 218
251 218
252 218
253 218
254 218
190 219
191 219
192 219
193 219
194 219
195 219
196 219
197 219
198 219
199 219
200 219
201 219
202 219
203 219
204 219
205 219
206 219
207 219
208 219
209 219
210 219
211 219
212 219
213 219
214 219
215 219
216 219
217 219
218 219
219 219
220 219
221 219
222 219
223 219
224 219
225 219
226 219
227 219
228 219
229 219
230 219
231 219
232 219
233 219
234 219
235 219
236 219
237 219
238 219
239 219
240 219
241 219
242 219
243 219
244 219
245 219
246 219
247 219
248 219
249 219
250 219
251 219
252 219
253 219
254 219
190 220
191 220
192 220
193 220
194 220
195 220
196 220
197 220
198 220
199 220
200 220
201 220
202 220
203 220
204 220
205 220
206 220
207 220
208 220
209 220
210 220
211 220
212 220
213 220
214 220
215 220
216 220
217 220
218 220
219 220
220 220
221 220
222 220
223 220
224 220
225 220
226 220
227 220
228 220
229 220
230 220
231 220
232 220
233 220
234 220
235 220
236 220
237 220
238 220
239 220
240 220
241 220
242 220
243 220
244 220
245 220
246 220
247 220
248 220
249 220
250 220
251 220
252 220
253 220
190 221
191 221
192 221
193 221
194 221
195 221
196 221
197 221
198 221
199 221
200 221
201 221
202 221
203 221
204 221
205 221
206 221
207 221
208 221
209 221
210 221
211 221
212 221
213 221
214 221
215 221
216 221
217 221
218 221
219 221
220 221
221 221
222 221
223 221
224 221
225 221
226 221
227 221
228 221
229 221
230 221
231 221
232 221
233 221
234 221
235 221
236 221
237 221
238 221
239 221
240 221
241 221
242 221
243 221
244 221
245 221
246 221
247 221
248 221
249 221
250 221
251 221
252 221
190 222
191 222
192 222
193 222
194 222
195 222
196 222
197 222
198 222
199 222
200 222
201 222
202 222
203 222
204 222
205 222
206 222
207 222
208 222
209 222
210 222
211 222
212 222
213 222
214 222
215 222
216 222
217 222
218 222
219 222
220 222
221 222
222 222
223 222
224 222
225 222
226 222
227 222
228 222
229 222
230 222
231 222
232 222
233 222
234 222
235 222
236 222
237 222
238 222
239 222
240 222
241 222
242 222
243 222
244 222
245 222
246 222
247 222
248 222
249 222
250 222
251 222
252 222
190 223
191 223
192 223
193 223
194 223
195 223
196 223
197 223
198 223
199 223
200 223
201 223
202 223
203 223
204 223
205 223
206 223
207 223
208 223
209 223
210 223
211 223
212 223
213 223
214 223
215 223
216 223
217 223
218 223
219 223
220 223
221 223
222 223
223 223
224 223
225 223
226 223
227 223
228 223
229 223
230 223
231 223
232 223
233 223
234 223
235 223
236 223
237 223
238 223
239 223
240 223
241 223
242 223
243 223
244 223
245 223
246 223
247 223
248 223
249 223
250 223
251 223
190 224
191 224
192 224
193 224
194 224
195 224
196 224
197 224
198 224
199 224
200 224
201 224
202 224
203 224
204 224
205 224
206 224
207 224
208 224
209 224
210 224
211 224
212 224
213 224
214 224
215 224
216 224
217 224
218 224
219 224
220 224
221 224
222 224
223 224
224 224
225 224
226 224
227 224
228 224
229 224
230 224
231 224
232 224
233 224
234 224
235 224
236 224
237 224
238 224
239 224
240 224
241 224
242 224
243 224
244 224
245 224
246 224
247 224
248 224
249 224
250 224
190 225
191 225
192 225
193 225
194 225
195 225
196 225
197 225
198 225
199 225
200 225
201 225
202 225
203 225
204 225
205 225
206 225
207 225
208 225
209 225
210 225
211 225
212 225
213 225
214 225
215 225
216 225
217 225
218 225
219 225
220 225
221 225
222 225
223 225
224 225
225 225
226 225
227 225
228 225
229 225
230 225
231 225
232 225
233 225
234 225
235 225
236 225
237 225
238 225
239 225
240 225
241 225
242 225
243 225
244 225
245 225
246 225
247 225
248 225
249 225
250 225
190 226
191 226
192 226
193 226
194 226
195 226
196 226
197 226
198 226
199 226
200 226
201 226
202 226
203 226
204 226
205 226
206 226
207 226
208 226
209 226
210 226
211 226
212 226
213 226
214 226
215 226
216 226
217 226
218 226
219 226
220 226
221 226
222 226
223 226
224 226
225 226
226 226
227 226
228 226
229 226
230 226
231 226
232 226
233 226
234 226
235 226
236 226
237 226
238 226
239 226
240 226
241 226
242 226
243 226
244 226
245 226
246 226
247 226
248 226
249 226
190 227
191 227
192 227
193 227
194 227
195 227
196 227
197 227
198 227
199 227
200 227
201 227
202 227
203 227
204 227
205 227
206 227
207 227
208 227
209 227
210 227
211 227
212 227
213 227
214 227
215 227
216 227
217 227
218 227
219 227
220 227
221 227
222 227
223 227
224 227
225 227
226 227
227 227
228 227
229 227
230 227
231 227
232 227
233 227
234 227
235 227
236 227
237 227
238 227
239 227
240 227
241 227
242 227
243 227
244 227
245 227
246 227
247 227
248 227
190 228
191 228
192 228
193 228
194 228
195 228
196 228
197 228
198 228
199 228
200 228
201 228
202 228
203 228
204 228
205 228
206 228
207 228
208 228
209 228
210 228
211 228
212 228
213 228
214 228
215 228
216 228
217 228
218 228
219 228
220 228
221 228
222 228
223 228
224 228
225 228
226 228
227 228
228 228
229 228
230 228
231 228
232 228
233 228
234 228
235 228
236 228
237 228
238 228
239 228
240 228
241 228
242 228
243 228
244 228
245 228
246 228
247 228
248 228
190 229
191 229
192 229
193 229
194 229
195 229
196 229
197 229
198 229
199 229
200 229
201 229
202 229
203 229
204 229
205 229
206 229
207 229
208 229
209 229
210 229
211 229
212 229
213 229
214 229
215 229
216 229
217 229
218 229
219 229
220 229
221 229
222 229
223 229
224 229
225 229
226 229
227 229
228 229
229 229
230 229
231 229
232 229
233 229
234 229
235 229
236 229
237 229
238 229
239 229
240 229
241 229
242 229
243 229
244 229
245 229
246 229
247 229
190 230
191 230
192 230
193 230
194 230
195 230
196 230
197 230
198 230
199 230
200 230
201 230
202 230
203 230
204 230
205 230
206 230
207 230
208 230
209 230
210 230
211 230
212 230
213 230
214 230
215 230
216 230
217 230
218 230
219 230
220 230
221 230
222 230
223 230
224 230
225 230
226 230
227 230
228 230
229 230
230 230
231 230
232 230
233 230
234 230
235 230
236 230
237 230
238 230
239 230
240 230
241 230
242 230
243 230
244 230
245 230
246 230
190 231
191 231
192 231
193 231
194 231
195 231
196 231
197 231
198 231
199 231
200 231
201 231
202 231
203 231
204 231
205 231
206 231
207 231
208 231
209 231
210 231
211 231
212 231
213 231
214 231
215 231
216 231
217 231
218 231
219 231
220 231
221 231
222 231
223 231
224 231
225 231
226 231
227 231
228 231
229 231
230 231
231 231
232 231
233 231
234 231
235 231
236 231
237 231
238 231
239 231
240 231
241 231
242 231
243 231
244 231
245 231
246 231
190 232
191 232
192 232
193 232
194 232
195 232
196 232
197 232
198 232
199 232
200 232
201 232
202 232
203 232
204 232
205 232
206 232
207 232
208 232
209 232
210 232
211 232
212 232
213 232
214 232
215 232
216 232
217 232
218 232
219 232
220 232
221 232
222 232
223 232
224 232
225 232
226 232
227 232
228 232
229 232
230 232
231 232
232 232
233 232
234 232
235 232
236 232
237 232
238 232
239 232
240 232
241 232
242 232
243 232
244 232
245 232
190 233
191 233
192 233
193 233
194 233
195 233
196 233
197 233
198 233
199 233
200 233
201 233
202 233
203 233
204 233
205 233
206 233
207 233
208 233
209 233
210 233
211 233
212 233
213 233
214 233
215 233
216 233
217 233
218 233
219 233
220 233
221 233
222 233
223 233
224 233
225 233
226 233
227 233
228 233
229 233
230 233
231 233
232 233
233 233
234 233
235 233
236 233
237 233
238 233
239 233
240 233
241 233
242 233
243 233
244 233
190 234
191 234
192 234
193 234
194 234
195 234
196 234
197 234
198 234
199 234
200 234
201 234
202 234
203 234
204 234
205 234
206 234
207 234
208 234
209 234
210 234
211 234
212 234
213 234
214 234
215 234
216 234
217 234
218 234
219 234
220 234
221 234
222 234
223 234
224 234
225 234
226 234
227 234
228 234
229 234
230 234
231 234
232 234
233 234
234 234
235 234
236 234
237 234
238 234
239 234
240 234
241 234
242 234
243 234
244 234
190 235
191 235
192 235
193 235
194 235
195 235
196 235
197 235
198 235
199 235
200 235
201 235
202 235
203 235
204 235
205 235
206 235
207 235
208 235
209 235
210 235
211 235
212 235
213 235
214 235
215 235
216 235
217 235
218 235
219 235
220 235
221 235
222 235
223 235
224 235
225 235
226 235
227 235
228 235
229 235
230 235
231 235
232 235
233 235
234 235
235 235
236 235
237 235
238 235
239 235
240 235
241 235
242 235
243 235
190 236
191 236
192 236
193 236
194 236
195 236
196 236
197 236
198 236
199 236
200 236
201 236
202 236
203 236
204 236
205 236
206 236
207 236
208 236
209 236
210 236
211 236
212 236
213 236
214 236
215 236
216 236
217 236
218 236
219 236
220 236
221 236
222 236
223 236
224 236
225 236
226 236
227 236
228 236
229 236
230 236
231 236
232 236
233 236
234 236
235 236
236 236
237 236
238 236
239 236
240 236
241 236
242 236
190 237
191 237
192 237
193 237
194 237
195 237
196 237
197 237
198 237
199 237
200 237
201 237
202 237
203 237
204 237
205 237
206 237
207 237
208 237
209 237
210 237
211 237
212 237
213 237
214 237
215 237
216 237
217 237
218 237
219 237
220 237
221 237
222 237
223 237
224 237
225 237
226 237
227 237
228 237
229 237
230 237
231 237
232 237
233 237
234 237
235 237
236 237
237 237
238 237
239 237
240 237
241 237
242 237
190 238
191 238
192 238
193 238
194 238
195 238
196 238
197 238
198 238
199 238
200 238
201 238
202 238
203 238
204 238
205 238
206 238
207 238
208 238
209 238
210 238
211 238
212 238
213 238
214 238
215 238
216 238
217 238
218 238
219 238
220 238
221 238
222 238
223 238
224 238
225 238
226 238
227 238
228 238
229 238
230 238
231 238
232 238
233 238
234 238
235 238
236 238
237 238
238 238
239 238
240 238
241 238
190 239
191 239
192 239
193 239
194 239
195 239
196 239
197 239
198 239
199 239
200 239
201 239
202 239
203 239
204 239
205 239
206 239
207 239
208 239
209 239
210 239
211 239
212 239
213 239
214 239
215 239
216 239
217 239
218 239
219 239
220 239
221 239
222 239
223 239
224 239
225 239
226 239
227 239
228 239
229 239
230 239
231 239
232 239
233 239
234 239
235 239
236 239
237 239
238 239
239 239
240 239
190 240
191 240
192 240
193 240
194 240
195 240
196 240
197 240
198 240
199 240
200 240
201 240
202 240
203 240
204 240
205 240
206 240
207 240
208 240
209 240
210 240
211 240
212 240
213 240
214 240
215 240
216 240
217 240
218 240
219 240
220 240
221 240
222 240
223 240
224 240
225 240
226 240
227 240
228 240
229 240
230 240
231 240
232 240
233 240
234 240
235 240
236 240
237 240
238 240
239 240
240 240
190 241
191 241
192 241
193 241
194 241
195 241
196 241
197 241
198 241
199 241
200 241
201 241
202 241
203 241
204 241
205 241
206 241
207 241
208 241
209 241
210 241
211 241
212 241
213 241
214 241
215 241
216 241
217 241
218 241
219 241
220 241
221 241
222 241
223 241
224 241
225 241
226 241
227 241
228 241
229 241
230 241
231 241
232 241
233 241
234 241
235 241
236 241
237 241
238 241
239 241
190 242
191 242
192 242
193 242
194 242
195 242
196 242
197 242
198 242
199 242
200 242
201 242
202 242
203 242
204 242
205 242
206 242
207 242
208 242
209 242
210 242
211 242
212 242
213 242
214 242
215 242
216 242
217 242
218 242
219 242
220 242
221 242
222 242
223 242
224 242
225 242
226 242
227 242
228 242
229 242
230 242
231 242
232 242
233 242
234 242
235 242
236 242
237 242
238 242
190 243
191 243
192 243
193 243
194 243
195 243
196 243
197 243
198 243
199 243
200 243
201 243
202 243
203 243
204 243
205 243
206 243
207 243
208 243
209 243
210 243
211 243
212 243
213 243
214 243
215 243
216 243
217 243
218 243
219 243
220 243
221 243
222 243
223 243
224 243
225 243
226 243
227 243
228 243
229 243
230 243
231 243
232 243
233 243
234 243
235 243
236 243
237 243
238 243
190 244
191 244
192 244
193 244
194 244
195 244
196 244
197 244
198 244
199 244
200 244
201 244
202 244
203 244
204 244
205 244
206 244
207 244
208 244
209 244
210 244
211 244
212 244
213 244
214 244
215 244
216 244
217 244
218 244
219 244
220 244
221 244
222 244
223 244
224 244
225 244
226 244
227 244
228 244
229 244
230 244
231 244
232 244
233 244
234 244
235 244
236 244
237 244
190 245
191 245
192 245
193 245
194 245
195 245
196 245
197 245
198 245
199 245
200 245
201 245
202 245
203 245
204 245
205 245
206 245
207 245
208 245
209 245
210 245
211 245
212 245
213 245
214 245
215 245
216 245
217 245
218 245
219 245
220 245
221 245
222 245
223 245
224 245
225 245
226 245
227 245
228 245
229 245
230 245
231 245
232 245
233 245
234 245
235 245
236 245
190 246
191 246
192 246
193 246
194 246
195 246
196 246
197 246
198 246
199 246
200 246
201 246
202 246
203 246
204 246
205 246
206 246
207 246
208 246
209 246
210 246
211 246
212 246
213 246
214 246
215 246
216 246
217 246
218 246
219 246
220 246
221 246
222 246
223 246
224 246
225 246
226 246
227 246
228 246
229 246
230 246
231 246
232 246
233 246
234 246
235 246
236 246
190 247
191 247
192 247
193 247
194 247
195 247
196 247
197 247
198 247
199 247
200 247
201 247
202 247
203 247
204 247
205 247
206 247
207 247
208 247
209 247
210 247
211 247
212 247
213 247
214 247
215 247
216 247
217 247
218 247
219 247
220 247
221 247
222 247
223 247
224 247
225 247
226 247
227 247
228 247
229 247
230 247
231 247
232 247
233 247
234 247
235 247
190 248
191 248
192 248
193 248
194 248
195 248
196 248
197 248
198 248
199 248
200 248
201 248
202 248
203 248
204 248
205 248
206 248
207 248
208 248
209 248
210 248
211 248
212 248
213 248
214 248
215 248
216 248
217 248
218 248
219 248
220 248
221 248
222 248
223 248
224 248
225 248
226 248
227 248
228 248
229 248
230 248
231 248
232 248
233 248
234 248
190 249
191 249
192 249
193 249
194 249
195 249
196 249
197 249
198 249
199 249
200 249
201 249
202 249
203 249
204 249
205 249
206 249
207 249
208 249
209 249
210 249
211 249
212 249
213 249
214 249
215 249
216 249
217 249
218 249
219 249
220 249
221 249
222 249
223 249
224 249
225 249
226 249
227 249
228 249
229 249
230 249
231 249
232 249
233 249
234 249
190 250
191 250
192 250
193 250
194 250
195 250
196 250
197 250
198 250
199 250
200 250
201 250
202 250
203 250
204 250
205 250
206 250
207 250
208 250
209 250
210 250
211 250
212 250
213 250
214 250
215 250
216 250
217 250
218 250
219 250
220 250
221 250
222 250
223 250
224 250
225 250
226 250
227 250
228 250
229 250
230 250
231 250
232 250
233 250
190 251
191 251
192 251
193 251
194 251
195 251
196 251
197 251
198 251
199 251
200 251
201 251
202 251
203 251
204 251
205 251
206 251
207 251
208 251
209 251
210 251
211 251
212 251
213 251
214 251
215 251
216 251
217 251
218 251
219 251
220 251
221 251
222 251
223 251
224 251
225 251
226 251
227 251
228 251
229 251
230 251
231 251
232 251
190 252
191 252
192 252
193 252
194 252
195 252
196 252
197 252
198 252
199 252
200 252
201 252
202 252
203 252
204 252
205 252
206 252
207 252
208 252
209 252
210 252
211 252
212 252
213 252
214 252
215 252
216 252
217 252
218 252
219 252
220 252
221 252
222 252
223 252
224 252
225 252
226 252
227 252
228 252
229 252
230 252
231 252
232 252
190 253
191 253
192 253
193 253
194 253
195 253
196 253
197 253
198 253
199 253
200 253
201 253
202 253
203 253
204 253
205 253
206 253
207 253
208 253
209 253
210 253
211 253
212 253
213 253
214 253
215 253
216 253
217 253
218 253
219 253
220 253
221 253
222 253
223 253
224 253
225 253
226 253
227 253
228 253
229 253
230 253
231 253
190 254
191 254
192 254
193 254
194 254
195 254
196 254
197 254
198 254
199 254
200 254
201 254
202 254
203 254
204 254
205 254
206 254
207 254
208 254
209 254
210 254
211 254
212 254
213 254
214 254
215 254
216 254
217 254
218 254
219 254
220 254
221 254
222 254
223 254
224 254
225 254
226 254
227 254
228 254
229 254
230 254
190 255
191 255
192 255
193 255
194 255
195 255
196 255
197 255
198 255
199 255
200 255
201 255
202 255
203 255
204 255
205 255
206 255
207 255
208 255
209 255
210 255
211 255
212 255
213 255
214 255
215 255
216 255
217 255
218 255
219 255
220 255
221 255
222 255
223 255
224 255
225 255
226 255
227 255
228 255
229 255
230 255
190 256
191 256
192 256
193 256
194 256
195 256
196 256
197 256
198 256
199 256
200 256
201 256
202 256
203 256
204 256
205 256
206 256
207 256
208 256
209 256
210 256
211 256
212 256
213 256
214 256
215 256
216 256
217 256
218 256
219 256
220 256
221 256
222 256
223 256
224 256
225 256
226 256
227 256
228 256
229 256
190 257
191 257
192 257
193 257
194 257
195 257
196 257
197 257
198 257
199 257
200 257
201 257
202 257
203 257
204 257
205 257
206 257
207 257
208 257
209 257
210 257
211 257
212 257
213 257
214 257
215 257
216 257
217 257
218 257
219 257
220 257
221 257
222 257
223 257
224 257
225 257
226 257
227 257
228 257
190 258
191 258
192 258
193 258
194 258
195 258
196 258
197 258
198 258
199 258
200 258
201 258
202 258
203 258
204 258
205 258
206 258
207 258
208 258
209 258
210 258
211 258
212 258
213 258
214 258
215 258
216 258
217 258
218 258
219 258
220 258
221 258
222 258
223 258
224 258
225 258
226 258
227 258
228 258
190 259
191 259
192 259
193 259
194 259
195 259
196 259
197 259
198 259
199 259
200 259
201 259
202 259
203 259
204 259
205 259
206 259
207 259
208 259
209 259
210 259
211 259
212 259
213 259
214 259
215 259
216 259
217 259
218 259
219 259
220 259
221 259
222 259
223 259
224 259
225 259
226 259
227 259
190 260
191 260
192 260
193 260
194 260
195 260
196 260
197 260
198 260
199 260
200 260
201 260
202 260
203 260
204 260
205 260
206 260
207 260
208 260
209 260
210 260
211 260
212 260
213 260
214 260
215 260
216 260
217 260
218 260
219 260
220 260
221 260
222 260
223 260
224 260
225 260
226 260
190 261
191 261
192 261
193 261
194 261
195 261
196 261
197 261
198 261
199 261
200 261
201 261
202 261
203 261
204 261
205 261
206 261
207 261
208 261
209 261
210 261
211 261
212 261
213 261
214 261
215 261
216 261
217 261
218 261
219 261
220 261
221 261
222 261
223 261
224 261
225 261
226 261
190 262
191 262
192 262
193 262
194 262
195 262
196 262
197 262
198 262
199 262
200 262
201 262
202 262
203 262
204 262
205 262
206 262
207 262
208 262
209 262
210 262
211 262
212 262
213 262
214 262
215 262
216 262
217 262
218 262
219 262
220 262
221 262
222 262
223 262
224 262
225 262
190 263
191 263
192 263
193 263
194 263
195 263
196 263
197 263
198 263
199 263
200 263
201 263
202 263
203 263
204 263
205 263
206 263
207 263
208 263
209 263
210 263
211 263
212 263
213 263
214 263
215 263
216 263
217 263
218 263
219 263
220 263
221 263
222 263
223 263
224 263
190 264
191 264
192 264
193 264
194 264
195 264
196 264
197 264
198 264
199 264
200 264
201 264
202 264
203 264
204 264
205 264
206 264
207 264
208 264
209 264
210 264
211 264
212 264
213 264
214 264
215 264
216 264
217 264
218 264
219 264
220 264
221 264
222 264
223 264
224 264
190 265
191 265
192 265
193 265
194 265
195 265
196 265
197 265
198 265
199 265
200 265
201 265
202 265
203 265
204 265
205 265
206 265
207 265
208 265
209 265
210 265
211 265
212 265
213 265
214 265
215 265
216 265
217 265
218 265
219 265
220 265
221 265
222 265
223 265
190 266
191 266
192 266
193 266
194 266
195 266
196 266
197 266
198 266
199 266
200 266
201 266
202 266
203 266
204 266
205 266
206 266
207 266
208 266
209 266
210 266
211 266
212 266
213 266
214 266
215 266
216 266
217 266
218 266
219 266
220 266
221 266
222 266
190 267
191 267
192 267
193 267
194 267
195 267
196 267
197 267
198 267
199 267
200 267
201 267
202 267
203 267
204 267
205 267
206 267
207 267
208 267
209 267
210 267
211 267
212 267
213 267
214 267
215 267
216 267
217 267
218 267
219 267
220 267
221 267
222 267
190 268
191 268
192 268
193 268
194 268
195 268
196 268
197 268
198 268
199 268
200 268
201 268
202 268
203 268
204 268
205 268
206 268
207 268
208 268
209 268
210 268
211 268
212 268
213 268
214 268
215 268
216 268
217 268
218 268
219 268
220 268
221 268
190 269
191 269
192 269
193 269
194 269
195 269
196 269
197 269
198 269
199 269
200 269
201 269
202 269
203 269
204 269
205 269
206 269
207 269
208 269
209 269
210 269
211 269
212 269
213 269
214 269
215 269
216 269
217 269
218 269
219 269
220 269
190 270
191 270
192 270
193 270
194 270
195 270
196 270
197 270
198 270
199 270
200 270
201 270
202 270
203 270
204 270
205 270
206 270
207 270
208 270
209 270
210 270
211 270
212 270
213 270
214 270
215 270
216 270
217 270
218 270
219 270
220 270
190 271
191 271
192 271
193 271
194 271
195 271
196 271
197 271
198 271
199 271
200 271
201 271
202 271
203 271
204 271
205 271
206 271
207 271
208 271
209 271
210 271
211 271
212 271
213 271
214 271
215 271
216 271
217 271
218 271
219 271
190 272
191 272
192 272
193 272
194 272
195 272
196 272
197 272
198 272
199 272
200 272
201 272
202 272
203 272
204 272
205 272
206 272
207 272
208 272
209 272
210 272
211 272
212 272
213 272
214 272
215 272
216 272
217 272
218 272
190 273
191 273
192 273
193 273
194 273
195 273
196 273
197 273
198 273
199 273
200 273
201 273
202 273
203 273
204 273
205 273
206 273
207 273
208 273
209 273
210 273
211 273
212 273
213 273
214 273
215 273
216 273
217 273
218 273
190 274
191 274
192 274
193 274
194 274
195 274
196 274
197 274
198 274
199 274
200 274
201 274
202 274
203 274
204 274
205 274
206 274
207 274
208 274
209 274
210 274
211 274
212 274
213 274
214 274
215 274
216 274
217 274
190 275
191 275
192 275
193 275
194 275
195 275
196 275
197 275
198 275
199 275
200 275
201 275
202 275
203 275
204 275
205 275
206 275
207 275
208 275
209 275
210 275
211 275
212 275
213 275
214 275
215 275
216 275
190 276
191 276
192 276
193 276
194 276
195 276
196 276
197 276
198 276
199 276
200 276
201 276
202 276
203 276
204 276
205 276
206 276
207 276
208 276
209 276
210 276
211 276
212 276
213 276
214 276
215 276
216 276
190 277
191 277
192 277
193 277
194 277
195 277
196 277
197 277
198 277
199 277
200 277
201 277
202 277
203 277
204 277
205 277
206 277
207 277
208 277
209 277
210 277
211 277
212 277
213 277
214 277
215 277
190 278
191 278
192 278
193 278
194 278
195 278
196 278
197 278
198 278
199 278
200 278
201 278
202 278
203 278
204 278
205 278
206 278
207 278
208 278
209 278
210 278
211 278
212 278
213 278
214 278
190 279
191 279
192 279
193 279
194 279
195 279
196 279
197 279
198 279
199 279
200 279
201 279
202 279
203 279
204 279
205 279
206 279
207 279
208 279
209 279
210 279
211 279
212 279
213 279
214 279
190 280
191 280
192 280
193 280
194 280
195 280
196 280
197 280
198 280
199 280
200 280
201 280
202 280
203 280
204 280
205 280
206 280
207 280
208 280
209 280
210 280
211 280
212 280
213 280
190 281
191 281
192 281
193 281
194 281
195 281
196 281
197 281
198 281
199 281
200 281
201 281
202 281
203 281
204 281
205 281
206 281
207 281
208 281
209 281
210 281
211 281
212 281
190 282
191 282
192 282
193 282
194 282
195 282
196 282
197 282
198 282
199 282
200 282
201 282
202 282
203 282
204 282
205 282
206 282
207 282
208 282
209 282
210 282
211 282
212 282
190 283
191 283
192 283
193 283
194 283
195 283
196 283
197 283
198 283
199 283
200 283
201 283
202 283
203 283
204 283
205 283
206 283
207 283
208 283
209 283
210 283
211 283
190 284
191 284
192 284
193 284
194 284
195 284
196 284
197 284
198 284
199 284
200 284
201 284
202 284
203 284
204 284
205 284
206 284
207 284
208 284
209 284
210 284
190 285
191 285
192 285
193 285
194 285
195 285
196 285
197 285
198 285
199 285
200 285
201 285
202 285
203 285
204 285
205 285
206 285
207 285
208 285
209 285
210 285
190 286
191 286
192 286
193 286
194 286
195 286
196 286
197 286
198 286
199 286
200 286
201 286
202 286
203 286
204 286
205 286
206 286
207 286
208 286
209 286
190 287
191 287
192 287
193 287
194 287
195 287
196 287
197 287
198 287
199 287
200 287
201 287
202 287
203 287
204 287
205 287
206 287
207 287
208 287
190 288
191 288
192 288
193 288
194 288
195 288
196 288
197 288
198 288
199 288
200 288
201 288
202 288
203 288
204 288
205 288
206 288
207 288
208 288
190 289
191 289
192 289
193 289
194 289
195 289
196 289
197 289
198 289
199 289
200 289
201 289
202 289
203 289
204 289
205 289
206 289
207 289
190 290
191 290
192 290
193 290
194 290
195 290
196 290
197 290
198 290
199 290
200 290
201 290
202 290
203 290
204 290
205 290
206 290
190 291
191 291
192 291
193 291
194 291
195 291
196 291
197 291
198 291
199 291
200 291
201 291
202 291
203 291
204 291
205 291
206 291
190 292
191 292
192 292
193 292
194 292
195 292
196 292
197 292
198 292
199 292
200 292
201 292
202 292
203 292
204 292
205 292
190 293
191 293
192 293
193 293
194 293
195 293
196 293
197 293
198 293
199 293
200 293
201 293
202 293
203 293
204 293
190 294
191 294
192 294
193 294
194 294
195 294
196 294
197 294
198 294
199 294
200 294
201 294
202 294
203 294
204 294
190 295
191 295
192 295
193 295
194 295
195 295
196 295
197 295
198 295
199 295
200 295
201 295
202 295
203 295
190 296
191 296
192 296
193 296
194 296
195 296
196 296
197 296
198 296
199 296
200 296
201 296
202 296
190 297
191 297
192 297
193 297
194 297
195 297
196 297
197 297
198 297
199 297
200 297
201 297
202 297
190 298
191 298
192 298
193 298
194 298
195 298
196 298
197 298
198 298
199 298
200 298
201 298
190 299
191 299
192 299
193 299
194 299
195 299
196 299
197 299
198 299
199 299
200 299
190 300
191 300
192 300
193 300
194 300
195 300
196 300
197 300
198 300
199 300
200 300
190 301
191 301
192 301
193 301
194 301
195 301
196 301
197 301
198 301
199 301
190 302
191 302
192 302
193 302
194 302
195 302
196 302
197 302
198 302
190 303
191 303
192 303
193 303
194 303
195 303
196 303
197 303
198 303
190 304
191 304
192 304
193 304
194 304
195 304
196 304
197 304
190 305
191 305
192 305
193 305
194 305
195 305
196 305
190 306
191 306
192 306
193 306
194 306
195 306
196 306
190 307
191 307
192 307
193 307
194 307
195 307
190 308
191 308
192 308
193 308
194 308
190 309
191 309
192 309
193 309
194 309
190 310
191 310
192 310
193 310
190 311
191 311
192 311
190 312
191 312
192 312
190 313
191 313
190 314
190 315
