64 322
1 2
1 9 
2 1
2 3
2 9
2 10
3 2
3 4
3 10
3 11
4 3
4 5
4 11
4 12
5 4
5 6
5 12
5 13
6 5
6 7 
6 13
6 14
7 6
7 8
7 14
7 15
8 7
8 15 
8 16
9 1
9 2
9 10
9 17
9 18
10 2
10 3
10 9 
10 11
10 18
10 19
11 3
11 4
11 10 
11 12
11 19
11 20
12 4
12 5
12 11
12 13
12 20
12 21
13 5
13 6
13 12
13 14
13 21
13 22
14 6
14 7
14 13
14 15
14 22
14 23
15 7
15 8
15 14
15 16
15 23
15 24
16 8
16 15 
16 24
17 9
17 18
17 25
18 9
18 10
18 17
18 19
18 25
18 26
19 10
19 11 
19 18
19 20
19 26
19 27
20 11
20 12
20 19
20 21
20 27
20 28
21 12
21 13
21 20
21 22
21 28
21 29
22 13
22 14
22 21 
22 23
22 29
22 30
23 14
23 15
23 22
23 24
23 30
23 31
24 15
24 16
24 23
24 31
24 32
25 17
25 18
25 26
25 33
25 34
26 18
26 19
26 25
26 27
26 34
26 35
27 19
27 20
27 26
27 28
27 35
27 36
28 20
28 21
28 27
28 29
28 36
28 37
29 21
29 22
29 28
29 30
29 37
29 38
30 22
30 23
30 29
30 31
30 38
30 39
31 23
31 24
31 30
31 32
31 39
31 40 
32 24
32 31
32 40
33 25
33 34
33 41
34 25
34 26
34 33
34 35
34 41
34 42
35 26
35 27
35 34
35 36
35 42
35 43
36 27
36 28
36 35
36 37
36 43
36 44
37 28
37 29
37 36
37 38
37 44
37 45
38 29
38 30
38 37
38 39
38 45
38 46
39 30
39 31
39 38
39 40
39 46
39 47
40 31
40 32
40 39
40 47
40 48
41 33
41 34
41 42
41 49
41 50
42 34
42 35
42 41
42 43
42 50
42 51 
43 35
43 36
43 42
43 44
43 51
43 52
44 36
44 37
44 43
44 45
44 52
44 53
45 37
45 38
45 44
45 46
45 53
45 54
46 38
46 39
46 45
46 47
46 54
46 55
47 39
47 40
47 46
47 48
47 55
47 56
48 40
48 47
48 56
49 41
49 50
49 57
50 41
50 42
50 49 
50 51
50 57
50 58
51 42 
51 43
51 50
51 52
51 58
51 59
52 43
52 44
52 51 
52 53
52 59
52 60
53 44
53 45
53 52 
53 54
53 60
53 61
54 45
54 46
54 53
54 55
54 61
54 62
55 46
55 47
55 54
55 56
55 62
55 63
56 47
56 48
56 55
56 63
56 64
57 49
57 50
57 58
58 50
58 51
58 57
58 59
59 51
59 52
59 58
59 60
60 52
60 53
60 59
60 61
61 53
61 54
61 60
61 62
62 54
62 55
62 61
62 63
63 55
63 56
63 62
63 64
64 56
64 63